32 37
10 34
43 46
4 9
35 42
44 45
2 39
1 40
25 50
20 29
38 44
3 22
12 25
9 17
3 31
14 31
5 28
12 43
11 23
24 26
19 39
7 19
26 32
25 34
16 31
42 50
35 44
2 32
11 44
19 48
33 47
20 22
18 28
12 18
7 37
46 50
22 28
9 10
38 46
6 50
9 28
12 45
27 36
15 16
6 13
47 48
24 28
27 45
13 28
11 37
33 49
16 42
3 8
5 14
39 46
40 45
12 38
23 47
27 29
13 21
19 34
8 34
25 29
30 43
16 26
11 39
2 36
2 45
22 23
21 25
6 36
5 16
3 19
21 34
22 32
31 35
4 27
1 3
4 36
12 49
8 27
13 23
2 20
19 36
1 30
27 49
28 48
8 45
10 42
14 21
20 37
29 40
3 21
12 33
29 49
6 47
21 45
17 32
34 48
8 29
27 42
37 44
19 38
10 35
1 32
8 38
9 37
16 30
8 47
5 48
16 21
25 42
26 34
32 50
22 27
7 39
14 32
21 47
8 13
17 25
8 22
10 19
2 6
19 22
22 48
36 47
45 50
16 23
25 35
19 49
41 46
3 7
15 36
12 19
21 31
6 42
3 25
17 18
1 9
27 28
17 27
27 37
11 20
37 39
22 50
14 46
28 45
9 41
32 36
11 47
13 32
43 45
6 26
18 25
20 25
7 25
7 34
1 48
17 20
10 14
28 29
19 26
8 26
1 20
36 42
37 41
9 34
13 25
15 22
4 46
15 31
3 11
32 47
26 31
35 43
15 40
6 37
10 16
9 18
28 31
22 45
8 28
31 48
20 48
28 40
36 44
11 33
6 12
13 27
41 43
32 40
7 20
26 33
21 28
4 21
18 38
15 32
7 47
22 29
8 12
9 11
39 45
2 5
19 21
11 17
2 14
12 46
4 42
18 22
18 31
21 30
29 46
31 43
5 24
28 35
3 45
7 15
27 48
15 28
24 31
43 44
7 24
13 40
15 37
35 40
1 29
7 33
24 49
26 28
25 48
16 45
22 24
31 36
20 36
10 13
34 35
11 12
31 45
22 42
5 26
17 28
11 21
17 37
14 47
6 9
